0000|BRANCH/COST CENTER REPORT|27-SEP-2019
0001|1H|MKQ XQU KMHXHMK MHXQK DHQKK (XXBXVKHX) VQHKXS.               |MKQ XQU KMHXHMK MHXQK DHQKK (XXBXVKHX) VQHKXS.               |30001690|01/01/2015  -31/12/2015|P623993 |10/02/2015  |01/10/2014  -31/12/2014|Yearly|Monthly|62181280|62181280|||Y|N|CO|PCP|Preferred Care Policy|N|
0002|2H|BRANCH|028            |
0003|3D||0000000001|0.00|(2.57)|0000000000|0.00|0.00|0000000001|0.00|6.07|0000000002|0.00|3.50|0.00|3.50|
0004|1S|0000000001|0.00|(2.57)|0000000000|0.00|0.00|0000000001|0.00|6.07|0000000002|0.00|3.50|0.00|3.50|
***
0002|2H|BRANCH|013            |
0003|3D|BH|0000000001|0.00|(2.57)|0000000000|0.00|0.00|0000000000|0.00|0.00|0000000001|0.00|(2.57)|0.00|(2.57)|
0003|3D||0000000001|0.00|(2.57)|0000000000|0.00|0.00|0000000001|0.00|11.88|0000000002|0.00|9.31|0.00|9.31|
0004|1S|0000000002|0.00|(5.14)|0000000000|0.00|0.00|0000000001|0.00|11.88|0000000003|0.00|6.74|0.00|6.74|
***
0002|2H|BRANCH|008            |
0003|3D||0000000000|0.00|0.00|0000000002|0.00|(2.90)|0000000004|0.00|(5.80)|0000000006|0.00|(8.70)|0.00|(8.70)|
0004|1S|0000000000|0.00|0.00|0000000002|0.00|(2.90)|0000000004|0.00|(5.80)|0000000006|0.00|(8.70)|0.00|(8.70)|
***
0002|2H|BRANCH|007            |
0003|3D||0000000002|0.00|(5.14)|0000000000|0.00|0.00|0000000001|0.00|11.88|0000000003|0.00|6.74|0.00|6.74|
0004|1S|0000000002|0.00|(5.14)|0000000000|0.00|0.00|0000000001|0.00|11.88|0000000003|0.00|6.74|0.00|6.74|
***
0002|2H|BRANCH|SHAH ALAM      |
0003|3D|PRODUCTION|0000000000|0.00|0.00|0000000001|0.00|1.12|0000000002|0.00|2.24|0000000003|0.00|3.36|0.00|3.36|
0004|1S|0000000000|0.00|0.00|0000000001|0.00|1.12|0000000002|0.00|2.24|0000000003|0.00|3.36|0.00|3.36|
***
0002|2H|BRANCH|KL             |
0003|3D|MARKETING|0000000002|0.00|(6.95)|0000000000|0.00|0.00|0000000000|0.00|0.00|0000000002|0.00|(6.95)|0.00|(6.95)|
0003|3D|CIRCULATION|0000000001|0.00|(13.00)|0000000000|0.00|0.00|0000000000|0.00|0.00|0000000001|0.00|(13.00)|0.00|(13.00)|
0004|1S|0000000003|0.00|(19.95)|0000000000|0.00|0.00|0000000000|0.00|0.00|0000000003|0.00|(19.95)|0.00|(19.95)|
***
0002|2H|BRANCH|BANGSAR        |
0003|3D|NEW STRAITS TIM|0000000000|0.00|0.00|0000000000|0.00|0.00|0000000001|0.00|7.86|0000000001|0.00|7.86|0.00|7.86|
0003|3D|GROUP MANAGEMEN|0000000000|0.00|0.00|0000000000|0.00|0.00|0000000001|0.00|7.86|0000000001|0.00|7.86|0.00|7.86|
0003|3D|GROUP IT|0000000000|0.00|0.00|0000000000|0.00|0.00|0000000001|0.00|7.35|0000000001|0.00|7.35|0.00|7.35|
0003|3D|BERITA HARIAN E|0000000000|0.00|0.00|0000000000|0.00|0.00|0000000004|0.00|31.44|0000000004|0.00|31.44|0.00|31.44|
0003|3D|ADVERTISEMENT|0000000003|0.00|46.11|0000000001|0.00|3.50|0000000002|0.00|7.76|0000000006|0.00|57.37|0.00|57.37|
0004|1S|0000000003|0.00|46.11|0000000001|0.00|3.50|0000000009|0.00|62.27|0000000013|0.00|111.88|0.00|111.88|
***
0002|2H|BRANCH|               |
0003|3D|BH|0000000001|0.00|(2.12)|0000000000|0.00|0.00|0000000000|0.00|0.00|0000000001|0.00|(2.12)|0.00|(2.12)|
0003|3D||0000000208|0.00|(624.88)|0000000123|0.00|(197.33)|0000000376|0.00|(591.06)|0000000707|0.00|(1,413.27)|0.00|(1,413.27)|
0004|1S|0000000212|0.00|(580.89)|0000000124|0.00|(193.83)|0000000385|0.00|(528.79)|0000000721|0.00|(1,303.51)|0.00|(1,303.51)|
0005|1G|0000000220|0.00|(613.69)|0000000127|0.00|(195.61)|0000000394|0.00|(502.52)|0000000741|0.00|(1,311.82)|0.00|(1,311.82)|
****
